### Runway Specifications for KMWH Runway 4 ###

origin_X: -25163.9477
origin_Z: 33693.3450
terminate_X: -22742.57617
terminate_Z: 31956.02344
runway_heading: 54.331
